ibs=1.0 qpos mae trainset 
total loss:  tensor(0.0281, device='cuda:0')
total joint loss:  tensor(0.0259, device='cuda:0')


ibs=0 qpos mae  trainset
total loss:  tensor(0.0313, device='cuda:0')
total joint loss:  tensor(0.0283, device='cuda:0')

ycb90ibs50
epoch319
train
total average qpos dist:  tensor(0.0180, device='cuda:0')
total average joint  qpos dist:  tensor(0.0168, device='cuda:0')

test
total average qpos dist:  tensor(0.1085, device='cuda:0')
total average joint  qpos dist:  tensor(0.0969, device='cuda:0')
[EVALUATION] Finished evaluation. Average Loss: 1.060
[EVALUATION] Finished evaluation. Average ibs Loss: 0.650




[ 0.3164,  0.6099,  0.1259,  1.4122,  0.3828, -0.3762, -0.4303, -0.1008,
         -0.0773, -0.0121,  0.1561,  0.1613,  0.1321,  0.6127,  0.5776,  0.7393,
          0.1982,  0.8502,  0.5724,  0.6447,  0.7109,  0.7143,  0.1796,  0.6761,
          0.6956,  0.7619,  0.9224,  0.1191,  0.9438,  0.7223]
testmodeloutput
3.479422032833099365e-01,5.747223496437072754e-01,1.032274290919303894e-01,1.379429697990417480e+00,5.011191964149475098e-01,-4.742578864097595215e-01,-5.158070325851440430e-01,-6.694871783256530762e-01,-1.173852011561393738e-01,1.442518085241317749e-01,-5.539326928555965424e-03,-1.592639018781483173e-03,-1.350209563970565796e-01,4.248761534690856934e-01,4.291575551033020020e-01,6.691146492958068848e-01,1.229868158698081970e-01,8.951908349990844727e-01,4.533833563327789307e-01,5.371370911598205566e-01,5.678751468658447266e-01,8.424878120422363281e-01,2.088897526264190674e-01,6.195917129516601562e-01,6.354472041130065918e-01,6.935882568359375000e-01,8.691696524620056152e-01,-5.355260148644447327e-02,9.498594403266906738e-01,5.617339015007019043e-01
[0.333661824464798, 0.6712729930877686, 0.07674780488014221, 1.4353169202804565, 0.3924289643764496, -0.16719862818717957, -0.4635343849658966, -0.6575247049331665, -0.11239141970872879, -0.010645976290106773, 0.034839943051338196, 0.07743636518716812, -0.1081501767039299, 0.45890119671821594, 0.43167173862457275, 0.47816649079322815, -0.023029452189803123, 1.0378316640853882, 0.6201949715614319, 0.6541532278060913, 0.6888437867164612, 0.5100051164627075, 0.16286881268024445, 0.7375168204307556, 0.7663434743881226, 0.7913632988929749, 0.7489243745803833, 0.006998922675848007, 0.8242204785346985, 0.6430199146270752]
trainmodeloutput
2.772098481655120850e-01,8.116664886474609375e-01,-5.571235716342926025e-02,
7.336470484733581543e-01,4.138851165771484375e-01,5.814127922058105469e-01,
-4.419578313827514648e-01,-1.168570946902036667e-02,9.989557415246963501e-02,2.228530868887901306e-02,9.387361258268356323e-02,3.869763910770416260e-01,1.865421235561370850e-01,7.050784230232238770e-01,7.241817712783813477e-01,8.423711061477661133e-01,1.014688685536384583e-01,6.486344933509826660e-01,7.646902799606323242e-01,8.340777754783630371e-01,8.128805756568908691e-01,8.073994517326354980e-01,7.901949435472488403e-02,7.893832921981811523e-01,7.854140996932983398e-01,8.130173683166503906e-01,9.299667477607727051e-01,1.055934876203536987e-01,8.476089835166931152e-01,7.192324399948120117e-01
gt [0.25994572043418884, 0.7808237671852112, -0.01740165613591671, 0.7398978471755981, 0.623585045337677, 0.5804740786552429, -0.5245987772941589, 0.052635714411735535, 0.09608199447393417, 0.008397605270147324, 0.10076998919248581, 0.37636399269104004, 0.171522319316864, 0.6132818460464478, 0.8015727996826172, 0.843239963054657, 0.09786801040172577, 0.5655757188796997, 0.6937005519866943, 0.7905076742172241, 0.8161860108375549, 0.8626899123191833, 0.01956474967300892, 0.7317184805870056, 0.7742027044296265, 0.8001533150672913, 0.9995574355125427, 0.09138095378875732, 0.9334160685539246, 0.6540144681930542]

2.77,0.811,-5.571235716342926025e-02,
7.336470484733581543e-01,4.138851165771484375e-01,5.814127922058105469e-01,

0.25994572043418884, 0.7808237671852112, -0.01740165613591671, 0.7398978471755981, 0.623585045337677, 0.5804740786552429,        